4 0.5531088082901554 0.5110103626943006 0.23316062176165808 0.21891191709844557
4 0.39443005181347146 0.5867875647668394 0.20336787564766837 0.17357512953367873
4 0.41126943005181343 0.3795336787564767 0.2240932642487046 0.16839378238341973
4 0.344559585492228 0.4566062176165804 0.19430051813471508 0.15155440414507773
4 0.5440414507772021 0.3400259067357513 0.12694300518134724 0.094559585492228
4 0.6703367875647668 0.3698186528497409 0.14378238341968902 0.13860103626943007
4 0.6269430051813472 0.6411917098445596 0.16062176165803144 0.1502590673575131
4 0.6515544041450778 0.5148963730569949 0.1424870466321245 0.15673575129533673
4 0.4876943005181347 0.4579015544041451 0.16968911917098453 0.14378238341968916
4 0.599740932642487 0.39248704663212436 0.1606217616580311 0.14766839378238342
