4 0.5174870466321244 0.5233160621761658 0.5401554404145077 0.4715025906735752
4 0.8665803108808291 0.591321243523316 0.26683937823834186 0.4676165803108809
4 0.34585492227979275 0.8050518134715026 0.5673575129533679 0.3018134715025906
4 0.14507772020725393 0.6424870466321241 0.29015544041450786 0.43264248704663233
4 0.20207253886010346 0.2953367875647667 0.4041450777202069 0.3341968911917097
4 0.5576424870466322 0.2772020725388601 0.47797927461139894 0.32383419689119175
4 0.7370466321243524 0.6398963730569948 0.33678756476683935 0.3886010362694301
4 0.4715025906735752 0.7797927461139896 0.43264248704663216 0.27461139896373055
4 0.8296632124352331 0.1949481865284974 0.34067357512953367 0.25259067357512954
4 0.9132124352331608 0.2772020725388601 0.17357512953367873 0.24093264248704663
4 0.8575129533678756 0.8620466321243524 0.27202072538860106 0.20336787564766837
