1 0.5200777202072538 0.6178756476683938 0.13601036269430047 0.2979274611398962
1 0.38924870466321243 0.6444300518134716 0.19559585492227985 0.26813471502590674
1 0.2979274611398964 0.6755181347150259 0.19430051813471505 0.22409326424870465
1 0.6593264248704663 0.6198186528497409 0.189119170984456 0.23445595854922283
1 0.5744818652849741 0.461139896373057 0.167098445595855 0.27979274611398963
1 0.4034974093264249 0.4022020725388601 0.11269430051813473 0.283678756476684
1 0.2784974093264249 0.4715025906735752 0.23316062176165805 0.2124352331606218
1 0.5336787564766834 0.8439119170984455 0.1943005181347149 0.1800518134715025
1 0.375 0.8659326424870466 0.2655440414507772 0.21891191709844562
1 0.29468911917098445 0.8367875647668392 0.26813471502590674 0.14766839378238344
1 0.6871761658031086 0.7564766839378243 0.31994818652849727 0.15803108808290128
1 0.667098445595855 0.9384715025906735 0.12694300518134718 0.1230569948186529
1 0.4954663212435233 0.9572538860103628 0.20336787564766845 0.08549222797927455
1 0.75 0.7746113989637305 0.24870466321243526 0.1373056994818654
1 0.7338082901554404 0.6658031088082902 0.2422279792746115 0.17098445595854928
1 0.73639896373057 0.5647668393782384 0.22668393782383425 0.18652849740932645
1 0.7059585492227979 0.48056994818652854 0.26943005181347146 0.1709844559585492
1 0.6528497409326426 0.4339378238341969 0.21502590673575128 0.15803108808290162
1 0.6709844559585493 0.366580310880829 0.23575129533678768 0.1761658031088083
1 0.655440414507772 0.25582901554404147 0.17357512953367865 0.16191709844559582
1 0.5589378238341969 0.22085492227979273 0.12564766839378244 0.25
1 0.4533678756476684 0.21761658031088082 0.116580310880829 0.2512953367875647
1 0.40414507772020725 0.18911917098445596 0.12953367875647673 0.23834196891191708
1 0.31670984455958545 0.2001295336787565 0.19041450777202068 0.19818652849740936
1 0.3419689119170984 0.37176165803108807 0.1476683937823834 0.19689119170984454
1 0.2875647668393782 0.41126943005181343 0.16062176165803105 0.17746113989637308
1 0.2143782383419689 0.542098445595855 0.15414507772020725 0.18005181347150262
1 0.26878238341968913 0.707901554404145 0.18005181347150262 0.13860103626942993
1 0.32383419689119175 0.7992227979274611 0.25647668393782386 0.08290155440414494
1 0.6133419689119171 0.11204663212435233 0.1904145077720208 0.17746113989637305
1 0.6632124352331605 0.13989637305699482 0.21243523316062174 0.10621761658031086
1 0.5064766839378239 0.08937823834196891 0.09585492227979273 0.17875647668393782
1 0.4203367875647668 0.08031088082901555 0.06865284974093258 0.1606217616580311
1 0.371761658031088 0.07901554404145078 0.09844559585492227 0.15025906735751296
1 0.6949481865284974 0.08678756476683938 0.23963730569948183 0.12694300518134716
