4 0.4332901554404145 0.5738341968911916 0.12564766839378236 0.0880829015544041
4 0.5427461139896368 0.5880829015544043 0.09326424870466331 0.09067357512953392
4 0.4954663212435233 0.46049222797927464 0.09196891191709845 0.094559585492228
4 0.5893782383419685 0.4941709844559585 0.10621761658031083 0.10233160621761658
4 0.6217616580310881 0.5531088082901554 0.12176165803108815 0.0829015544041451
4 0.6716321243523314 0.5187823834196891 0.08937823834196898 0.1049222797927461
4 0.5110103626943006 0.5343264248704663 0.1049222797927461 0.0841968911917099
4 0.44235751295336784 0.5233160621761658 0.1126943005181348 0.08808290155440418
4 0.469559585492228 0.4883419689119171 0.09455958549222793 0.0829015544041451
4 0.5582901554404145 0.48056994818652854 0.0880829015544041 0.09326424870466318
